0 0.08582308142940832 0.641015625 0.10017574692442882 0.38203125
1 0.1754540128881078 0.675 0.10720562390158173 0.3515625
2 0.2606912712360867 0.655078125 0.09490333919156414 0.37734375
2 0.3512009373169303 0.69140625 0.10369068541300527 0.3609375
1 0.44053895723491504 0.61796875 0.0773286467486819 0.346875
0 0.505858230814294 0.689453125 0.07557117750439367 0.32109375
0 0.5872876391329819 0.6515625 0.09080257762155829 0.365625
1 0.6906854130052724 0.64921875 0.1335676625659051 0.403125
1 0.8137082601054482 0.6609375 0.10193321616871705 0.365625
0 0.9173989455184535 0.676171875 0.10896309314586995 0.34921875
