      0/99     2.88G    0.1184   0.06557   0.04011     0.224       158       640   0.04607   0.02854   0.01504  0.002277   0.06772   0.05039   0.02731
      1/99     3.16G    0.1085   0.06962   0.04003    0.2181       131       640   0.03864   0.06263   0.02262  0.005158   0.05847   0.05281   0.02691
      2/99     3.16G   0.09565   0.07875   0.03945    0.2138       168       640   0.05818    0.1636   0.03973  0.008788   0.04916    0.0554   0.02666
      3/99     3.16G   0.08244   0.07825   0.03879    0.1995       137       640    0.1425    0.1213   0.07529   0.01661   0.04226   0.05522   0.02637
      4/99     3.16G   0.07613   0.07813   0.03878     0.193       141       640    0.1713    0.5584     0.185   0.04946   0.03861   0.05022   0.02597
      5/99     3.16G   0.06753   0.08242   0.03818    0.1881       185       640    0.3205    0.4773    0.2776   0.06909   0.03688   0.04365   0.02579
      6/99     3.16G   0.06374   0.06922   0.03721    0.1702       131       640    0.2911    0.7718    0.3383    0.1516   0.03252   0.04044   0.02565
      7/99     3.16G   0.05981   0.06625   0.03747    0.1635       150       640    0.3272    0.7665    0.3926    0.1815   0.03012   0.03719   0.02543
      8/99     3.16G   0.05586   0.05887   0.03737    0.1521       145       640    0.2907    0.6798    0.3385   0.09727   0.02892   0.03567   0.02512
      9/99     3.16G   0.05327   0.05577   0.03717    0.1462       154       640    0.3119    0.8201    0.3661    0.1623    0.0257   0.03303   0.02491
     10/99     3.16G   0.04908   0.05141   0.03665    0.1371       150       640    0.3159    0.8122     0.382    0.1584   0.02489    0.0305   0.02487
     11/99     3.16G   0.04713   0.05039   0.03602    0.1335       150       640    0.2747    0.7702     0.372    0.1546   0.02537   0.02949   0.02472
     12/99     3.16G   0.04506   0.05044   0.03552     0.131       166       640    0.3715    0.7999    0.4298    0.2409   0.02188   0.02741   0.02454
     13/99     3.16G   0.04376   0.05094   0.03549    0.1302       172       640    0.3231    0.7858    0.4188    0.2198   0.02228   0.02658   0.02439
     14/99     3.16G   0.04406   0.04794   0.03535    0.1273       162       640    0.3634    0.8154     0.462    0.2404   0.02313    0.0265   0.02384
     15/99     3.16G   0.04244   0.04733   0.03504    0.1248       163       640    0.3864    0.7391    0.4557    0.2062   0.02571   0.02622   0.02388
     16/99     3.16G   0.04347   0.04757   0.03468    0.1257       134       640    0.1813    0.8503    0.3106      0.11   0.03473    0.0271   0.02378
     17/99     3.16G   0.05058   0.04731   0.03467    0.1326       175       640    0.3982    0.6755    0.4486    0.2199   0.02849   0.02604   0.02345
     18/99     3.16G   0.04648   0.04628    0.0345    0.1273       147       640    0.3013    0.8169    0.4349    0.1992   0.02984   0.02531   0.02349
     19/99     3.16G   0.04596   0.04455   0.03367    0.1242       162       640    0.3448    0.8561    0.4942    0.2777   0.02336   0.02474   0.02341
     20/99     3.16G   0.04689   0.04688   0.03392    0.1277       169       640    0.3683    0.7377    0.4649     0.169   0.03209   0.02522   0.02303
     21/99     3.16G   0.04909   0.04534   0.03323    0.1277       141       640    0.4865    0.8142    0.5617    0.2595   0.02664   0.02427    0.0227
     22/99     3.16G   0.04471   0.04348   0.03255    0.1207       174       640     0.594    0.7165    0.6243    0.2941    0.0229   0.02365   0.02213
     23/99     3.16G   0.04224   0.04509   0.03146    0.1188       162       640    0.4448    0.7907    0.5511    0.2732   0.02531   0.02361   0.02168
     24/99     3.16G   0.04349   0.04444   0.03073    0.1187       139       640    0.6189    0.7122    0.6762    0.3457   0.02233   0.02294   0.02068
     25/99     3.16G   0.04388    0.0425   0.02956    0.1159       172       640    0.7072    0.7107    0.7319    0.3496   0.02518   0.02305   0.01959
     26/99     3.16G   0.04552   0.04232   0.02818     0.116       160       640    0.5429     0.632     0.562    0.2017   0.02593   0.02251   0.01815
     27/99     3.16G   0.04681    0.0457   0.02606    0.1186       124       640    0.7871    0.7916    0.8138    0.4939   0.01826   0.02227   0.01686
     28/99     3.16G   0.04247   0.04479   0.02511    0.1124       168       640    0.5539    0.7926    0.6098    0.2281   0.02956   0.02262   0.01527
     29/99     3.16G   0.04191   0.03972   0.02334     0.105       164       640    0.6859    0.7988    0.7766    0.2828   0.02822   0.02252   0.01385
     30/99     3.16G   0.04191   0.04279   0.02119    0.1059       173       640    0.7815    0.8171    0.8425    0.3739   0.02471   0.02271   0.01264
     31/99     3.16G   0.04156   0.04367   0.02048    0.1057       158       640    0.9128    0.8702     0.924    0.4841   0.02211    0.0219   0.01167
     32/99     3.16G   0.04133   0.04198   0.01884    0.1022       136       640    0.8229    0.9003    0.9337    0.5249    0.0206   0.02153   0.01052
     33/99     3.16G   0.03861   0.04173   0.01752   0.09786       172       640    0.7741     0.864    0.8757    0.4705   0.02271   0.02194  0.009774
     34/99     3.16G   0.03963   0.04146   0.01638   0.09747       136       640    0.7793     0.901    0.9077    0.5037   0.02272   0.02162  0.008953
     35/99     3.16G    0.0397    0.0422   0.01472   0.09662       135       640    0.8208     0.883    0.9044    0.4567   0.02234   0.02136  0.008267
     36/99     3.16G   0.04086    0.0428    0.0136   0.09726       177       640     0.768    0.9149    0.8739    0.4163   0.02401   0.02141  0.007586
     37/99     3.16G   0.03913   0.04205   0.01262    0.0938       161       640    0.7479    0.9083    0.8904    0.4068   0.02318   0.02131  0.007133
     38/99     3.16G   0.03896   0.04044   0.01264   0.09204       128       640    0.7863    0.9254     0.924     0.471   0.02273   0.02083  0.006638
     39/99     3.16G   0.04108   0.04129   0.01105   0.09342       163       640    0.9136    0.8429    0.9468    0.5205    0.0231   0.02122    0.0059
     40/99     3.16G   0.03874   0.03911  0.009957   0.08782       154       640    0.8638    0.9371    0.9498    0.4662   0.02334    0.0208  0.005352
     41/99     3.16G   0.03841   0.04159  0.009954   0.08995       164       640    0.9271    0.9182    0.9632    0.5147   0.02379   0.02136  0.004651
     42/99     3.16G   0.03931   0.04336  0.008259   0.09092       179       640    0.8037    0.8831    0.9225    0.4447     0.022   0.02063  0.004205
     43/99     3.16G   0.03889   0.03908  0.007953   0.08592       109       640    0.9036    0.9034    0.9513    0.5722   0.02062   0.02041  0.003621
     44/99     3.16G   0.04185   0.04234  0.007314    0.0915       147       640    0.8193    0.9573    0.9626     0.592   0.02243    0.0206  0.003362
     45/99     3.16G   0.03562   0.04091  0.006443   0.08297       169       640    0.8227    0.7228     0.895    0.4912    0.0215   0.02124  0.002828
     46/99     3.16G   0.03751     0.039  0.006031   0.08254       157       640    0.9099    0.9942     0.974     0.542   0.02472   0.02091  0.002562
     47/99     3.16G   0.03855   0.03924  0.005589   0.08338       148       640    0.9562    0.9943    0.9828    0.6147   0.02123   0.02042   0.00224
     48/99     3.16G   0.03683   0.04144  0.005453   0.08372       184       640    0.9633     0.944    0.9828    0.5522   0.02433   0.02074  0.002093
     49/99     3.16G   0.03661   0.04228  0.005049   0.08394       176       640    0.9495    0.9758    0.9824    0.5664   0.02168    0.0205  0.002014
     50/99     3.16G   0.03875   0.03939  0.004714   0.08285       125       640     0.865    0.8254    0.9242    0.4611   0.02538    0.0204  0.001989
     51/99     3.16G   0.04501   0.04043  0.004982   0.09043       155       640    0.8926    0.8709    0.9622    0.5608   0.02366   0.02144  0.001931
     52/99     3.16G   0.04137   0.03956  0.004847   0.08577       154       640    0.8464    0.9826    0.9249    0.5828   0.02183   0.02055  0.002102
     53/99     3.16G   0.03973   0.04268  0.005315   0.08772       168       640    0.8341    0.9191    0.9381    0.4236   0.02488   0.02074   0.00226
     54/99     3.16G   0.04375   0.03828  0.004735   0.08677       179       640    0.7989    0.8477     0.897    0.5525   0.02734   0.02006  0.002147
     55/99     3.16G    0.0427   0.03838  0.004412   0.08549       168       640    0.9223    0.9551    0.9852     0.607   0.02273   0.02002  0.002104
     56/99     3.16G   0.03994   0.03859   0.00484   0.08337       149       640    0.9229         1    0.9788    0.5392   0.02477   0.02067  0.001894
     57/99     3.16G   0.04376   0.04064   0.00443   0.08883       187       640    0.9415     0.956    0.9828    0.6222   0.02285   0.02022  0.001873
     58/99     3.16G   0.04036    0.0388  0.004086   0.08324       126       640    0.9631         1    0.9876    0.5892   0.02037   0.02026  0.001823
     59/99     3.16G   0.03475   0.03541  0.003824   0.07398       164       640    0.9757         1    0.9876    0.6714   0.01625   0.01961  0.001667
     60/99     3.16G   0.03711   0.03913  0.004175   0.08041       164       640    0.8737    0.8319    0.9287    0.6019   0.02492   0.02029  0.001498
     61/99     3.16G   0.03841   0.03816  0.003683   0.08026       141       640     0.965         1    0.9849    0.6541   0.01826   0.01974   0.00159
     62/99     3.16G   0.03397   0.03794  0.004029   0.07594       174       640    0.9655    0.9041    0.9712    0.6123   0.01874   0.02011  0.001502
     63/99     3.16G   0.03487   0.03615  0.003391   0.07441       139       640    0.9645         1     0.986    0.6366   0.01902   0.02014  0.001531
     64/99     3.16G   0.03827   0.03612  0.004002   0.07839       151       640    0.9526    0.9763    0.9771    0.5974   0.02109   0.01993  0.001492
     65/99     3.16G   0.03764   0.03707  0.003524   0.07824       130       640    0.8891         1    0.9706    0.5223   0.02492   0.02054  0.001479
     66/99     3.16G   0.03902   0.04112    0.0037   0.08384       165       640    0.9708    0.9943    0.9846     0.678   0.01773    0.0198  0.001546
     67/99     3.16G   0.03535   0.03818  0.003367    0.0769       149       640    0.9747         1    0.9853    0.7039   0.01549   0.01955  0.001522
     68/99     3.16G   0.03161   0.03644  0.003712   0.07177       150       640    0.9469    0.9943    0.9823     0.627   0.02202      0.02  0.001506
     69/99     3.16G   0.03517   0.03713  0.003458   0.07576       155       640    0.9755         1    0.9839      0.69   0.01704   0.01943  0.001402
     70/99     3.16G    0.0373   0.04026  0.003522   0.08109       173       640    0.9506    0.9813    0.9786    0.6538   0.02021    0.0196  0.001331
     71/99     3.16G   0.03354   0.03821  0.003624   0.07537       130       640    0.9642         1     0.987    0.6881   0.01984   0.01969  0.001311
     72/99     3.16G   0.03576    0.0384  0.003542   0.07771       196       640    0.9752         1    0.9877    0.6724   0.01702   0.01981  0.001206
     73/99     3.16G   0.03538   0.03545  0.002985   0.07381       134       640    0.9752         1    0.9873    0.6837   0.01893   0.01966  0.001187
     74/99     3.16G   0.03068   0.03739  0.002921   0.07099       132       640    0.9752         1     0.988    0.6464    0.0178    0.0195  0.001159
     75/99     3.16G   0.03342   0.04018  0.002929   0.07653       176       640    0.9758         1    0.9851    0.7053   0.01539   0.01917  0.001167
     76/99     3.16G   0.03211    0.0385  0.003762   0.07437       162       640    0.9744         1    0.9862    0.6948   0.01447   0.01919  0.001137
     77/99     3.16G   0.02776   0.03722  0.003192   0.06818       127       640    0.9745         1    0.9886    0.7218   0.01521   0.01897  0.001087
     78/99     3.16G   0.03167   0.03489  0.002928   0.06949       185       640    0.9763         1    0.9887     0.683   0.01788   0.01948  0.001039
     79/99     3.16G   0.03052   0.03676  0.002911    0.0702       172       640    0.9759         1    0.9861    0.6999   0.01662   0.01918  0.001018
     80/99     3.16G   0.02869   0.03486  0.002763   0.06631       125       640     0.976         1    0.9867    0.7202   0.01498   0.01893 0.0009986
     81/99     3.16G   0.02979   0.03455  0.002629   0.06697       175       640    0.9763         1    0.9864    0.6638   0.01659    0.0194 0.0009714
     82/99     3.16G   0.03137   0.03768  0.002689   0.07174       151       640    0.9769         1    0.9825    0.7265   0.01446   0.01895  0.001047
     83/99     3.16G   0.03061   0.03514  0.002571   0.06832       145       640    0.9137    0.9885    0.9618     0.632   0.01887    0.0196  0.001013
     84/99     3.16G   0.03482   0.03931  0.002537   0.07668       155       640    0.9764    0.9999    0.9856    0.6718   0.01636   0.01924   0.00102
     85/99     3.16G   0.03177   0.03745  0.002718   0.07194       141       640    0.9752         1     0.986    0.6847   0.01731    0.0193  0.001017
     86/99     3.16G   0.03433   0.03776  0.002579   0.07467       166       640    0.9751         1    0.9854     0.687   0.01823    0.0192  0.001049
     87/99     3.16G   0.02886   0.03676  0.003128   0.06875       152       640    0.9756         1    0.9851    0.7404   0.01482   0.01891  0.001028
     88/99     3.16G   0.02802   0.03564  0.003906   0.06757       147       640     0.976         1    0.9874    0.7555   0.01543   0.01865  0.001098
     89/99     3.16G    0.0291   0.03705  0.002904   0.06906       195       640    0.9766         1    0.9881    0.7403   0.01587   0.01876  0.001117
     90/99     3.16G    0.0311   0.03635  0.002669   0.07012       167       640    0.9754         1    0.9875    0.7334   0.01567   0.01882  0.001164
     91/99     3.16G   0.02788   0.03529  0.002596   0.06577       139       640    0.9755         1    0.9859    0.7368   0.01567    0.0186   0.00113
     92/99     3.16G    0.0305   0.03677  0.002345   0.06961       159       640    0.9759         1    0.9861    0.7241   0.01486   0.01871   0.00096
     93/99     3.16G   0.02893   0.03919   0.00264   0.07076       168       640    0.9761         1    0.9865    0.6945   0.01563    0.0188 0.0009283
     94/99     3.16G   0.02894   0.03763  0.002237    0.0688       188       640    0.9761         1    0.9876    0.7217   0.01486   0.01855 0.0009254
     95/99     3.16G   0.02881   0.03326  0.002553   0.06463       135       640    0.9766         1    0.9872       0.7   0.01605    0.0189 0.0009148
     96/99     3.16G   0.02966   0.03585  0.002314   0.06783       170       640    0.9757         1    0.9876    0.7305   0.01616   0.01883 0.0008947
     97/99     3.16G   0.02633   0.03705  0.002527   0.06591       147       640    0.9761         1    0.9869    0.7481   0.01419   0.01855 0.0008658
     98/99     3.16G   0.02858   0.03658  0.002486   0.06765       143       640    0.9773         1     0.987    0.7426   0.01378   0.01867 0.0008656
     99/99     3.16G   0.02734   0.03462  0.002532    0.0645       128       640    0.9774         1    0.9859    0.7457   0.01629   0.01884  0.000851
