0 0.0840656121851201 0.641015625 0.10720562390158173 0.39609375
1 0.17428236672524897 0.67265625 0.09666080843585237 0.3515625
2 0.26420620972466313 0.648046875 0.10193321616871705 0.40078125
2 0.35705916813122435 0.68828125 0.11072056239015818 0.346875
1 0.4379027533684827 0.614453125 0.08260105448154657 0.37265625
0 0.5172817809021676 0.690234375 0.0843585237258348 0.33515625
0 0.5934387814879907 0.63515625 0.10310486233157587 0.3703125
1 0.6985940246045694 0.65390625 0.11072056239015818 0.3890625
2 0.8084358523725835 0.61640625 0.1054481546572935 0.3609375
2 0.9156414762741653 0.6796875 0.0913884007029877 0.39375
